mSize: 43 
mHierarchy: 1 2 27 4 5 6 11 8 9 10 11 12 13 14 27 16 17 18 23 20 21 22 23 24 25 26 27 28 29 40 31 32 33 34 40 36 37 38 39 40 42 42 -1 
mTransforms: 0.00000 1.00192 -0.00000 -0.07979 -0.00000 -0.00000 0.99681 1.00000 1.00000 1.00000 0.00000 0.23335 0.00000 -0.00000 0.00000 0.00000 1.00000 0.99999 0.99999 1.00000 0.00000 0.58371 -0.00000 0.12094 -0.00000 0.00000 0.99265 1.00000 1.00000 0.99999 0.00000 0.14952 0.00000 0.03599 0.20705 0.16743 0.96322 1.00000 1.00000 1.00000 0.00000 0.17239 0.00000 -0.01679 -0.17453 -0.14529 0.97372 1.00000 1.00000 1.00000 0.00000 0.19290 0.00000 0.07529 -0.19104 -0.17404 0.96308 0.99999 0.99999 0.99999 -0.18501 0.15464 -0.00000 0.06670 -0.14271 -0.41820 -0.89458 1.00000 1.00000 1.00000 0.00000 0.09875 0.00000 0.00009 0.01236 0.00795 0.99989 1.00000 1.00000 1.00000 0.00000 0.19478 -0.00000 -0.04436 0.01287 0.00905 0.99889 1.00000 1.00000 1.00000 0.00000 0.28471 -0.00000 0.19544 -0.04003 -0.03019 0.97943 0.99999 1.00000 1.00000 0.00000 0.39438 -0.00228 -0.00577 -0.01508 -0.04843 -0.99869 0.99999 1.00000 0.99999 0.00000 0.94910 0.00000 0.03122 0.02903 0.07021 -0.99662 1.00000 0.99999 0.99999 0.00000 1.08152 0.00000 -0.00243 -0.00009 -0.03891 -0.99923 1.00000 1.00000 1.00000 0.00000 0.44236 0.00000 0.07847 -0.00235 0.02986 -0.99646 0.99999 0.99999 0.99999 0.20946 0.51437 -0.00747 0.56428 0.41937 -0.58503 0.40428 1.00000 1.00000 1.00000 0.00000 0.14230 0.00000 0.06545 -0.27773 -0.21985 0.93286 0.99999 0.99999 0.99999 -0.00000 0.17431 -0.00000 -0.04160 0.26214 0.21769 0.93923 1.00000 1.00000 1.00000 0.00000 0.20454 0.00000 0.09903 0.18554 0.16078 0.96432 0.99999 1.00000 0.99999 0.18126 0.18033 0.00000 -0.06395 -0.15383 -0.37850 0.91048 0.99999 0.99999 1.00000 -0.00000 0.11558 -0.00000 0.00001 -0.00509 -0.00323 0.99998 1.00000 1.00000 1.00000 0.00000 0.19696 0.00000 0.05030 0.00549 0.00383 0.99871 1.00000 1.00000 1.00000 0.00000 0.29598 0.00000 0.00907 0.00086 0.00060 0.99995 0.99999 0.99999 0.99999 0.00000 0.36984 -0.00099 0.13925 0.00192 0.02134 0.99002 0.99999 0.99999 1.00000 0.00000 0.94926 -0.00000 -0.06836 -0.00858 0.02289 0.99736 0.99999 1.00000 0.99999 -0.00000 1.08255 0.00000 0.00197 -0.00007 -0.03643 0.99933 1.00000 1.00000 1.00000 0.00000 0.44236 -0.00000 -0.07932 -0.00346 0.04353 0.99589 1.00000 1.00000 1.00000 -0.20946 0.51409 -0.00405 0.56931 -0.41566 0.58068 0.40730 0.99999 1.00000 0.99999 0.00000 0.51885 0.00000 -0.00000 0.00000 0.00000 1.00000 1.00000 1.00000 1.00000 0.00000 0.45400 0.00000 0.00000 0.00000 0.00000 1.00000 1.00000 1.00000 1.00000 -0.00000 0.38781 -0.03215 -0.04135 -0.00000 0.00000 0.99914 1.00000 0.99999 1.00000 -0.00000 0.30427 -0.00000 -0.00000 0.00000 0.00000 1.00000 1.00000 1.00000 1.00000 -0.00000 0.74143 -0.00001 0.19659 0.00029 0.00144 0.98048 1.00000 1.00000 1.00000 0.00001 1.97958 0.00001 -0.56843 -0.02615 0.01809 -0.82211 0.99999 1.00000 0.99999 0.00000 1.95661 0.00000 0.05259 0.00001 0.00008 -0.99861 0.99999 0.99999 0.99999 0.41851 -0.21566 -0.05222 -0.00029 -0.03154 -0.99946 0.00912 0.99996 0.99999 0.99999 -0.00000 0.30789 0.00000 -0.00000 -0.00000 0.00000 1.00000 0.99999 0.99999 0.99999 -0.00000 0.74513 0.00003 0.19562 -0.00033 -0.00168 0.98067 1.00000 1.00000 1.00000 -0.00000 1.97925 -0.00002 -0.56758 0.02583 -0.01782 -0.82271 0.99999 0.99999 1.00000 0.00001 1.95352 -0.00001 0.03329 -0.00002 -0.00012 -0.99944 1.00000 1.00000 0.99999 -0.41851 -0.21566 0.00892 0.00015 -0.01431 -0.99985 -0.00913 1.00009 1.00000 1.00003 -0.04620 -0.00520 -4.43818 -0.50000 0.49999 -0.50000 0.49999 1.00000 0.99999 1.00000 0.00000 0.00000 0.00000 0.00000 0.00000 0.00000 1.00000 1.00000 1.00000 1.00000 0.00000 0.00000 0.01631 0.70710 0.00000 0.00000 0.70710 1.07006 1.07006 1.07006 
