mSize: 43 
mHierarchy: 1 2 27 4 5 6 11 8 9 10 11 12 13 14 27 16 17 18 23 20 21 22 23 24 25 26 27 28 29 40 31 32 33 34 40 36 37 38 39 40 42 42 -1 
mTransforms: -0.00000 1.00192 -0.00000 -0.07979 -0.00000 -0.00000 0.99681 1.00000 1.00000 0.99999 0.00000 0.23335 -0.00000 -0.26499 0.11203 -0.04749 0.95654 1.00000 1.00000 1.00000 -0.00000 0.58371 0.00000 0.04895 0.02539 -0.01476 0.99836 1.00000 0.99999 1.00000 0.00000 0.14952 0.00000 0.03599 0.20705 0.16743 0.96322 1.00000 1.00000 0.99999 -0.00000 0.17239 -0.00000 -0.06653 -0.19173 -0.18015 0.96247 0.99999 1.00000 0.99999 0.00000 0.19290 -0.00000 0.04839 -0.21482 -0.33792 0.91504 1.00000 0.99999 1.00000 -0.18501 0.15464 -0.00000 0.14092 0.24032 0.35785 0.89124 0.99999 1.00000 0.99999 -0.00000 0.09875 0.00000 0.00009 0.01237 0.00795 0.99989 0.99999 0.99999 0.99999 0.00000 0.19478 -0.00000 0.21504 0.01249 -0.06527 0.97433 0.99999 0.99999 1.00000 0.00000 0.28471 0.00000 0.30432 -0.03877 -0.08317 0.94813 1.00000 0.99999 1.00000 0.00000 0.39438 -0.00227 -0.17340 0.01485 0.04194 0.98384 0.99999 1.00000 0.99999 0.00000 0.94910 -0.00000 -0.19936 0.03043 0.12294 0.97170 1.00000 1.00000 1.00000 0.00000 1.08152 0.00000 0.04742 -0.13231 0.60532 0.78346 1.00000 1.00000 1.00000 -0.00000 0.44236 0.00000 0.18330 0.00319 0.26895 0.94554 0.99999 1.00000 1.00000 0.20946 0.51437 -0.00747 0.54699 0.44827 -0.56424 0.42600 0.99999 1.00000 1.00000 -0.00000 0.14230 0.00000 0.06545 -0.27773 -0.21985 0.93286 1.00000 0.99999 0.99999 0.00000 0.17431 0.00000 -0.07185 0.28467 0.18585 0.93768 0.99999 0.99999 0.99999 -0.00000 0.20454 0.00000 0.06830 0.20531 0.28748 0.93302 1.00000 1.00000 1.00000 0.18126 0.18033 -0.00000 0.11246 -0.22982 -0.36427 0.89545 1.00000 0.99999 0.99999 -0.00000 0.11558 -0.00000 0.00001 -0.00509 -0.00323 0.99998 1.00000 0.99999 0.99999 -0.00000 0.19696 -0.00000 0.25721 0.00523 0.04849 0.96512 1.00000 1.00000 0.99999 0.00000 0.29598 0.00000 0.35130 0.00076 0.06391 0.93407 1.00000 1.00000 0.99999 0.00000 0.36984 -0.00099 -0.22833 0.00181 -0.04057 0.97273 0.99999 1.00000 0.99999 0.00000 0.94926 -0.00000 -0.01885 -0.38947 -0.10118 0.91526 1.00000 1.00000 1.00000 0.00000 1.08255 -0.00000 0.05021 0.15417 -0.70556 0.68984 0.99999 1.00000 0.99999 -0.00000 0.44236 0.00000 0.35017 -0.00114 -0.21513 0.91164 1.00000 1.00000 0.99999 -0.20946 0.51409 -0.00405 0.62605 -0.37691 0.56585 0.38185 0.99999 1.00000 1.00000 -0.00000 0.51885 0.00000 0.11154 -0.02791 -0.01212 0.99329 1.00000 1.00000 0.99999 -0.00000 0.45400 -0.00000 0.06500 -0.01202 0.01124 0.99774 1.00000 0.99999 0.99999 0.00000 0.38781 -0.03215 0.01908 -0.01256 0.00064 0.99973 1.00000 1.00000 0.99999 -0.00000 0.30427 0.00000 0.00000 0.00000 -0.00000 1.00000 1.00000 1.00000 0.99999 0.00000 0.74143 -0.00000 0.19855 0.00040 0.00150 0.98008 0.99999 0.99999 0.99999 0.00000 1.97958 0.00000 0.64424 -0.01735 -0.06849 0.76155 1.00000 1.00000 0.99999 -0.00000 1.95661 -0.00000 -0.42715 -0.04929 0.02444 0.90250 1.00000 1.00001 0.99997 0.41851 -0.21566 -0.05222 -0.11873 -0.38808 -0.90780 0.10578 0.99999 0.99999 0.99996 -0.00000 0.30789 -0.00000 -0.00000 -0.00000 0.00000 1.00000 1.00000 0.99999 1.00000 0.00000 0.74513 0.00000 0.19595 -0.00035 -0.00169 0.98061 0.99999 1.00000 0.99999 -0.00000 1.97925 0.00000 0.66427 0.06303 0.13306 0.73284 1.00000 0.99997 1.00001 0.00000 1.95352 0.00000 -0.38621 -0.00445 -0.04618 0.92124 1.00000 0.99994 1.00004 -0.41851 -0.21566 0.00892 -0.15144 0.30627 0.93254 0.11670 1.00003 0.99999 1.00009 -0.06544 0.01723 -3.97546 -0.62838 -0.11003 0.10923 0.76229 0.99999 1.00000 0.99999 0.00000 0.00000 0.00000 0.00000 0.00000 0.00000 1.00000 1.00000 1.00000 1.00000 0.00000 0.00000 0.01631 0.70710 0.00000 0.00000 0.70710 1.07006 1.07006 1.07006 
