mSize: 43 mHierarchy: -1 0 0 1 1 1 3 4 5 6 7 8 9 9 9 10 11 12 13 14 15 16 17 18 19 23 24 25 25 26 26 27 28 29 30 31 32 33 34 35 36 37 38 
mTransforms: 0.00000 0.00000 0.00000 0.00000 0.00000 0.00000 1.00000 0.00999 0.00999 0.00999 2.19287 276.66683 -3.79598 -0.00841 0.01338 -0.04765 0.99873 1.00000 0.99999 1.00000 0.00000 0.00000 0.00000 0.00000 0.00000 0.00000 1.00000 1.00000 1.00000 1.00000 -0.00001 28.16730 0.46160 0.01922 -0.01051 0.02709 0.99939 0.99999 1.00000 1.00000 25.49672 -15.64345 3.74890 -0.11379 -0.17455 -0.96960 0.12826 0.99997 0.99999 0.99991 -25.49674 -15.64343 3.52919 0.04248 -0.02536 -0.99479 0.08908 0.99999 0.99999 1.00001 -0.00000 32.86629 -0.00000 0.00647 0.00282 0.05182 0.99863 1.00000 0.99999 0.99999 -0.00000 126.99724 -0.00000 -0.27349 -0.07563 0.02722 0.95850 1.00000 1.00000 0.99998 0.00000 126.95088 0.00000 -0.16045 0.04640 0.03368 0.98537 0.99999 0.99999 1.00001 -0.00000 37.56149 0.00000 0.00654 0.00733 0.05097 0.99865 1.00000 1.00000 0.99999 0.00000 122.50377 0.00000 0.57782 -0.05177 -0.08167 0.81040 1.00000 1.00000 0.99999 0.00000 122.44118 0.00000 0.61478 -0.05492 -0.05086 0.78513 0.99999 0.99998 1.00001 -0.00001 42.25662 0.00000 0.08664 -0.00424 -0.01858 0.99605 1.00000 0.99999 0.99999 16.09894 37.75134 0.13543 0.65810 0.37032 -0.48919 0.43639 1.00000 0.99999 0.99999 -16.09898 37.74934 0.01227 0.61205 -0.41533 0.54542 0.39420 0.99999 1.00000 1.00000 -0.00000 41.62723 -0.00000 0.24472 -0.02333 0.00574 0.96929 0.99999 1.00000 1.00000 0.00000 41.74295 -0.00000 0.24508 0.02365 -0.00579 0.96919 1.00000 1.00000 1.00000 -0.00000 27.96531 0.00000 0.01345 -0.00647 -0.07084 0.99737 0.99999 1.00000 0.99999 -0.00000 33.69328 0.00000 0.56727 0.00797 -0.03162 0.82287 0.99999 0.99999 1.00000 0.00000 33.69308 -0.00005 0.44434 -0.00583 -0.02469 0.89549 1.00000 1.00000 1.00000 -0.00000 16.22848 0.00000 0.00000 -0.00000 0.00000 1.00000 0.99999 0.99999 0.99999 0.00000 16.47480 0.00000 -0.00000 -0.00000 -0.00000 1.00000 1.00000 1.00000 1.00000 0.00000 75.03872 0.00000 -0.08568 -0.00000 -0.00000 0.99632 1.00000 1.00000 1.00000 -0.00000 71.04622 0.00000 -0.00532 0.00191 0.12614 0.99199 1.00000 0.99999 1.00000 -0.00000 71.00301 0.00003 -0.00595 -0.00183 -0.15405 0.98804 0.99999 0.99999 0.99999 -0.00000 56.54919 0.00000 0.08874 -0.30582 -0.01325 0.94784 1.00000 1.00000 0.99999 -0.00000 56.54914 0.00000 0.09696 0.13011 0.06883 0.98434 0.99999 1.00000 1.00000 -10.86106 12.22881 0.00013 0.15089 0.38760 0.23578 0.87829 1.00000 1.00000 0.99999 0.00001 25.74088 -0.09330 0.06221 -0.00259 -0.04719 0.99694 1.00000 1.00000 0.99999 10.55552 12.94353 0.00003 0.13916 -0.36324 -0.24402 0.88833 0.99999 1.00000 1.00000 0.00001 29.13754 -0.03612 0.06704 0.00092 0.04179 0.99687 0.99999 1.00000 0.99999 -0.00000 13.08455 -0.00001 0.04080 -0.28591 -0.24605 0.92522 1.00000 0.99999 0.99999 0.00000 18.49361 -0.00001 0.17525 0.00359 -0.04141 0.98364 1.00000 1.00000 1.00000 0.00001 13.36130 0.00000 0.04680 0.28731 0.24498 0.92479 1.00000 1.00000 1.00000 0.00000 15.20593 0.00002 0.17811 -0.00413 0.02654 0.98364 0.99999 1.00000 1.00000 0.00000 11.73866 -0.00001 -0.01098 -0.20842 -0.07923 0.97476 1.00000 0.99999 0.99999 -0.00000 15.03322 0.00002 0.08772 0.00493 -0.01450 0.99602 0.99999 0.99999 0.99999 -0.00000 11.68478 -0.00003 0.00223 0.15153 0.07218 0.98581 0.99999 1.00000 0.99999 -0.00000 14.92873 0.00000 0.12052 -0.00088 0.00184 0.99270 1.00000 1.00000 0.99999 0.00001 9.32288 0.00002 0.03347 0.19538 0.16548 0.96608 1.00000 1.00000 1.00000 -0.00000 7.61941 0.00003 0.00002 -0.00614 -0.00475 0.99996 1.00000 1.00000 1.00000 -0.00001 9.36742 0.00001 0.02173 -0.16216 -0.13106 0.97777 0.99999 1.00000 1.00000 0.00000 8.05104 0.00000 0.00001 0.00363 0.00309 0.99998 1.00000 1.00000 1.00000 
